dbs/gebco_2019_n44.74834442138672_s44.666290283203125_w-63.7013053894043_e-63.52518081665039.asc
ncols        42
nrows        20
xllcorner    -63.700000000000
yllcorner    44.666666666667
cellsize     0.004166666667
NODATA_value  9.9692099683868690468e+36
 35.20703125 41.42578125 37.59765625 28.94140625 40.82421875 53.34375 51.4375 42.46484375 18.9140625 9.7109375 24.375 42.85546875 57.2578125 60.2734375 51.15625 43.33984375 44.33984375 52.5234375 60.23828125 65.578125 67.13671875 76.8359375 86.21875 80.18359375 69.03125 54.55859375 39.796875 28.42578125 24.60546875 25 32.71484375 35.109375 41.8359375 63.52734375 83.45703125 94.5703125 97.3828125 99.85546875 99.05859375 97.67578125 93.6328125 90.3359375
 31.265625 28.06640625 43.12109375 53.78515625 65.078125 75.8515625 82.8671875 71.4765625 36.44921875 10.9453125 13.37109375 38.23046875 60.48828125 61.4921875 54.890625 57.25 64.10546875 70.40625 72.94140625 73.28125 73.9296875 81.03515625 80.5234375 69.6484375 60.265625 48.03125 34.12109375 26.30078125 29.40234375 40.87890625 53.0625 59.0078125 48.83203125 40.12890625 59.1328125 77.59765625 84.74609375 95.8203125 101.3203125 101.29296875 96.98828125 90.9765625
 37.171875 41.94921875 60.58984375 79.57421875 84.8125 82.93359375 90.8671875 85.203125 61.30859375 26.62890625 12.1015625 32.24609375 47.96875 56.02734375 64.70703125 75.80859375 83.45703125 80.93359375 76.66015625 79.41015625 82.6875 77.00390625 67.91015625 58.55078125 49.8203125 39.328125 32.09375 31.37109375 37.61328125 57.390625 68.3046875 67.2734375 57.05078125 37.0546875 35.7734375 51.96875 66.62109375 77.05078125 90.79296875 95.86328125 94.9609375 93.28515625
 31.9453125 48.73828125 67.2265625 86.67578125 86.7265625 84.4609375 85.30859375 76.2734375 61.40234375 27.85546875 10.484375 23.73046875 38.921875 59.4296875 79.390625 88.48828125 89.25 81.51171875 72.77734375 69.84375 69.88671875 65.48828125 57.8359375 51.29296875 43.76953125 40.62890625 41.8046875 40.140625 46.49609375 63.078125 72.53515625 68.0390625 55.8671875 42.109375 31.30859375 33.12890625 50.71875 62.6953125 73.921875 83.9609375 90.76171875 92.94140625
 32.3046875 43.14453125 63.74609375 84.2734375 86.2578125 83.76171875 80.60546875 69.76952362060546875 40.49222564697265625 15.168004989624023438 15.214839935302734375 23.96484375 38.9296875 60.50390625 80.9296875 91.69140625 84.89453125 70.16015625 55.8203125 48.8046875 54.1015625 59.3984375 53.93359375 47.67578125 47.88671875 51.171875 50.0703125 46.58984375 54.4296875 66.18359375 72.08984375 71.5390625 62.11328125 50.03515625 34.6640625 25.45703125 40.01953125 54.73828125 62.109375 77.3671875 91.01953125 93.30859375
 41.07421875 44.46484375 57.890625 71.84765625 78.9609375 77.4765625 63.070323944091796875 43.3358612060546875 14.444967269897460938 5.6716442108154296875 18.535182952880859375 35.54296875 58.265625 72.1484375 78.40234375 79.3828125 69.3828125 51.56640625 38.91015625 37.4765625 44.75 51.32421875 48.8046875 46.0546875 52.46484375 58.1875 61.88671875 67.37890625 71.328125 73.62109375 74.09375 74.22265625 68.1875 57.34375 39.01171875 24.87109375 36.74609375 49.3828125 54.88671875 69.4609375 82.75 86.22265625
 52.58203125 46.58203125 44.21875 52.328125 64.859375 63.052898406982421875 38.8093719482421875 10.340684890747070312 -4.6889462471008300781 2.6047723293304443359 20.9345703125 54.158203125 79.640625 77.39453125 75.69140625 71.515625 60.6171875 46.93359375 40.62890625 40.7734375 42.51953125 43.64453125 40.3359375 39.1953125 45.75390625 54.796875 70.31640625 88.55859375 88.37890625 82.30859375 79.59765625 76.01171875 72.90234375 62.28125 43.5546875 28.5078125 34.69921875 46.34765625 47.34765625 54.3046875 67.03125 73.4375
 44.79296875 41.56640625 33 33 39.861328125 32.6118316650390625 12.861200332641601562 -4.8058719635009765625 -10.65362548828125 3.2868196964263916016 22.323266983032226562 42.588451385498046875 53.73828125 52 67.453125 77.328125 64.625 49.47265625 44.6171875 45.640625 43.30859375 38.2265625 35.35546875 39.6875 49.0546875 52.42578125 57.6640625 72.8671875 81.96484375 85.140625 82.53125 81.03125 85.21484375 79.9921875 56.31640625 31.41796875 30.625 39.08203125 44.19140625 50.47265625 59.35546875 65.71875
 39.36328125 35.45703125 30.578125 30.8828125 24.603515625 14.459333419799804688 -1.5066134929656982422 -11.974573135375976562 -8.128887176513671875 -4.8076367378234863281 8.0800046920776367188 18.022432327270507812 19.091228485107421875 20.02843475341796875 38.420047760009765625 60.22583770751953125 56.666015625 44.251953125 41.52734375 42.47265625 38.08984375 35.63671875 36.75 45.00390625 58.5546875 64.48828125 57.9765625 57.375 68.484375 77.9921875 80.21875 85.8828125 93.609375 89.0859375 59.19921875 29.19921875 30.46875 45.53515625 57.62890625 60.8359375 61.69140625 65.1953125
 46.62890625 46.140625 51.3203125 56.37890625 49.884765625 38.84377288818359375 26.064666748046875 9.9549093246459960938 -1.6736469268798828125 -11.897992134094238281 -10.248624801635742188 -3.9998559951782226562 -2.2253382205963134766 -0.73616361618041992188 9.4211177825927734375 26.824617385864257812 39.6272125244140625 38.142116546630859375 29.576171875 29.634765625 31.96484375 33.26171875 35.19921875 44.71875 63.08203125 75.71875 73.00390625 68.87890625 70.01171875 70.1484375 70.80078125 74.17578125 73.30078125 65.31640625 47.62890625 30.4453125 38.12890625 61.4765625 72.5 71.57421875 68.5546875 70.55078125
 53.45703125 64.94921875 77.34375 80.45703125 79.990234375 73.7402496337890625 67.5606231689453125 52.40689849853515625 25.23819732666015625 -2.4035935401916503906 -22.722513198852539062 -28.522161483764648438 -23.698778152465820312 -18.111833572387695312 -10.683964729309082031 -3.1626420021057128906 13.982616424560546875 25.329389572143554688 15.833990097045898438 13.455990791320800781 20.005578994750976562 21.804935455322265625 26.05859375 40.35546875 60.375 74.078125 77.4609375 75.1953125 70.53125 68.26953125 67.12109375 60.51171875 48.74609375 43.27734375 41.86328125 42.265625 54.18359375 70.29296875 80.07421875 79.4453125 76.90234375 79.09765625
 59.08984375 68.40625 78.52734375 86.80078125 92.4453125 91.15234375 85.40625 75.22170257568359375 52.963916778564453125 5.1325688362121582031 -33.4723052978515625 -41.7793121337890625 -45.036800384521484375 -49.653156280517578125 -45.64113616943359375 -35.1627349853515625 -22.114316940307617188 -8.1342382431030273438 -2.5599217414855957031 -0.27405369281768798828 2.9717316627502441406 6.7408766746520996094 13.886730194091796875 26.95703125 43.6328125 59.46875 70.48046875 72.671875 68.640625 67.29296875 67.046875 59.5703125 44.5078125 34.03125 33.2578125 40.98046875 56.46484375 76.34765625 88.1953125 85.5859375 87.6171875 87.3359375
 47.6875 57.5625 73.234375 84.39453125 93.46875 95.7578125 89.83984375 75.9609375 48.452190399169921875 6.8098878860473632812 -25.995922088623046875 -41.952373504638671875 -56.872074127197265625 -68.33893585205078125 -66.4659271240234375 -56.582675933837890625 -50.320041656494140625 -38.60558319091796875 -19.252031326293945312 -7.8157825469970703125 -5.9952211380004882812 -0.89725583791732788086 5.7030253410339355469 11.59765625 26.90625 46.7890625 61.34375 68.44921875 69.43359375 68.25 66.08203125 59.28125 43.09375 26.296875 21.328125 25.796875 37.359375 64.30859375 85.5546875 90.09765625 92.40625 92.2734375
 51.73046875 51.26171875 57.98046875 72.5703125 88.73828125 93.171875 85.84375 72.62890625 49.881237030029296875 15.632375717163085938 -14.321301460266113281 -34.74971771240234375 -51.9077911376953125 -62.944271087646484375 -65.1680145263671875 -62.630889892578125 -58.45256805419921875 -45.736957550048828125 -25.843156814575195312 -5.4399762153625488281 6.8560743331909179688 7.6442890167236328125 5.5584940910339355469 4.1796875 20.6171875 47.61328125 60.0078125 63.44140625 65.26953125 65.80859375 65.234375 60.25390625 47.59375 29.40625 18.3203125 18.796875 19.94921875 38.55859375 74.44140625 90.6328125 88.078125 88.875
 88.37890625 72.7578125 55.62109375 54.81640625 68.14453125 77.984375 74.4609375 71.19921875 61.325374603271484375 22.5757598876953125 -15.117384910583496094 -30.14878082275390625 -41.835163116455078125 -56.445293426513671875 -66.0894622802734375 -63.991641998291015625 -57.807666778564453125 -46.73273468017578125 -28.2304534912109375 -5.4575152397155761719 15.951008796691894531 21.304670333862304688 11.728527069091796875 5.59765625 18.99609375 47.375 64.02734375 68.33984375 65.921875 61.26953125 64.48046875 64.75 55.46875 42.8828125 29.890625 20.20703125 21.7578125 29.48828125 55.171875 78.21484375 76.6015625 77.90234375
 111.29296875 102.984375 76.046875 52.8515625 56.16015625 65.015625 68.86328125 62.3125 43.93822479248046875 13.340723991394042969 -12.264346122741699219 -22.517728805541992188 -32.2955474853515625 -45.913951873779296875 -55.94983673095703125 -54.70088958740234375 -49.95209503173828125 -42.064624786376953125 -27.090944290161132812 -14.405941963195800781 4.5010156631469726562 24.152803421020507812 17.9824371337890625 6.734375 13.291015625 43.14453125 66.0078125 68.02734375 64.96875 59.875 67.40625 72.32421875 64 50.828125 34.96484375 21.2109375 26.390625 34.2421875 39.30078125 57.08203125 64.97265625 68.69921875
 109.9140625 104.51171875 85.15625 61.859375 65.21875 76.5078125 79.4609375 59.61328125 39.2187347412109375 28.02751922607421875 13.209534645080566406 2.2420184612274169922 -16.426866531372070312 -31.821207046508789062 -34.815582275390625 -35.41402435302734375 -33.425609588623046875 -30.599531173706054688 -26.936838150024414062 -21.531793594360351562 -10.527703285217285156 9.7449197769165039062 16.641088485717773438 7.5545945167541503906 5.8790063858032226562 29.412099838256835938 52.505859375 55.31640625 55.8359375 58.50390625 69.8125 77.64453125 63.75390625 37.04296875 20.84375 18.94140625 33.69140625 45.5859375 38.64453125 43.453125 55.94921875 59.89453125
 94.5078125 88.71875 80.80078125 70.9765625 68.03125 77.79296875 84.18359375 72.5625 64.98828125 67.46482086181640625 55.145008087158203125 34.60516357421875 6.2735109329223632812 -14.144127845764160156 -18.77240753173828125 -22.575046539306640625 -24.011562347412109375 -24.6196746826171875 -21.900442123413085938 -8.2811460494995117188 -8.2847871780395507812 -10.230622291564941406 -1.7203114032745361328 -1.3390067815780639648 3.0067431926727294922 18.718381881713867188 35.644077301025390625 42.9099884033203125 47.41015625 54.765625 65.51171875 68.4453125 46.26953125 28.265625 35.5234375 40.66015625 51.703125 59.79296875 49.58984375 45.08984375 48.62890625 50.859375
 77.0859375 75.48046875 75.56640625 77.71875 67.76171875 68.015625 81.90625 87.734375 82.4921875 83.01171875 83.51171875 64.29688262939453125 35.11219024658203125 9.8754177093505859375 -8.9147129058837890625 -18.51367950439453125 -20.553956985473632812 -20.879896163940429688 -9.4671497344970703125 19.398363113403320312 33.1424560546875 25.925607681274414062 14.203660011291503906 2.1902899742126464844 -4.5248012542724609375 -2.3102104663848876953 15.267798423767089844 28.11865234375 35.031253814697265625 43.93359375 53.01171875 48.626953125 28.271484375 28.580078125 51.728515625 60.87109375 61.3671875 66.40625 61.9296875 50.53125 44.15625 44.27734375
 76.94921875 74.859375 76.234375 78.85546875 75.03515625 76.90625 86.0078125 95.00390625 97.1484375 93.01171875 92.8984375 84.06640625 65.4453125 43.226688385009765625 14.007680892944335938 -7.3105845451354980469 -12.959547996520996094 -13.959131240844726562 0.69080764055252075195 33.23931884765625 63.578960418701171875 70.817718505859375 55.5572357177734375 36.025299072265625 8.8102579116821289062 -10.357846260070800781 -4.4460592269897460938 10.070801734924316406 23.047088623046875 29.6602935791015625 31.014333724975585938 26.085460662841796875 15.733856201171875 16.391357421875 35.735107421875 53.774875640869140625 59.23046875 64.83203125 73.11328125 63.765625 47.578125 41.80078125
